NACA 0012                                       
 Alfa =   9.00000 Re =   500000.000 Xflap,Yflap =     0.700000    0.000000
#    x        y        Cp  
   0.99566 -0.05085 -0.04664
   0.99453 -0.05049 -0.04688
   0.99248 -0.04982 -0.04731
   0.98984 -0.04897 -0.04787
   0.98673 -0.04796 -0.04852
   0.98322 -0.04683 -0.04925
   0.97937 -0.04559 -0.05004
   0.97521 -0.04425 -0.05089
   0.97076 -0.04283 -0.05179
   0.96606 -0.04133 -0.05273
   0.96112 -0.03975 -0.05371
   0.95596 -0.03811 -0.05472
   0.95059 -0.03641 -0.05575
   0.94503 -0.03466 -0.05679
   0.93929 -0.03285 -0.05784
   0.93338 -0.03099 -0.05889
   0.92730 -0.02910 -0.05992
   0.92108 -0.02716 -0.06093
   0.91471 -0.02518 -0.06188
   0.90820 -0.02316 -0.06275
   0.90157 -0.02112 -0.06350
   0.89481 -0.01904 -0.06406
   0.88794 -0.01693 -0.06435
   0.88095 -0.01480 -0.06426
   0.87386 -0.01265 -0.06366
   0.86668 -0.01047 -0.06263
   0.85939 -0.00827 -0.06258
   0.85202 -0.00605 -0.06592
   0.84456 -0.00382 -0.07078
   0.83703 -0.00157 -0.07714
   0.82941  0.00069 -0.08510
   0.82173  0.00297 -0.09475
   0.81397  0.00526 -0.10625
   0.80615  0.00756 -0.11967
   0.79827  0.00986 -0.13520
   0.79033  0.01218 -0.15298
   0.78234  0.01450 -0.17320
   0.77430  0.01682 -0.19609
   0.76621  0.01915 -0.22198
   0.75807  0.02148 -0.25122
   0.74989  0.02382 -0.28448
   0.74168  0.02616 -0.32248
   0.73343  0.02849 -0.36666
   0.72515  0.03083 -0.41954
   0.71683  0.03316 -0.48444
   0.70826  0.03552 -0.58425
   0.70513  0.03610 -0.59999
   0.70220  0.03642 -0.59009
   0.69355  0.03726 -0.57214
   0.68489  0.03809 -0.56467
   0.67621  0.03891 -0.56170
   0.66751  0.03973 -0.56173
   0.65879  0.04053 -0.56391
   0.65007  0.04132 -0.56764
   0.64133  0.04210 -0.57287
   0.63259  0.04287 -0.57872
   0.62385  0.04363 -0.58558
   0.61510  0.04437 -0.59318
   0.60635  0.04511 -0.60147
   0.59761  0.04583 -0.61006
   0.58887  0.04654 -0.61933
   0.58013  0.04723 -0.62897
   0.57141  0.04791 -0.63892
   0.56269  0.04858 -0.64942
   0.55399  0.04923 -0.66019
   0.54530  0.04987 -0.67137
   0.53662  0.05049 -0.68259
   0.52797  0.05109 -0.69446
   0.51933  0.05168 -0.70662
   0.51072  0.05225 -0.71877
   0.50213  0.05281 -0.73140
   0.49357  0.05334 -0.74450
   0.48503  0.05386 -0.75766
   0.47652  0.05436 -0.77122
   0.46804  0.05484 -0.78496
   0.45960  0.05530 -0.79919
   0.45119  0.05575 -0.81356
   0.44281  0.05617 -0.82793
   0.43447  0.05657 -0.84312
   0.42617  0.05695 -0.85801
   0.41791  0.05731 -0.87410
   0.40969  0.05765 -0.88917
   0.40152  0.05797 -0.90583
   0.39339  0.05827 -0.92245
   0.38531  0.05854 -0.93901
   0.37727  0.05880 -0.95568
   0.36928  0.05902 -0.97375
   0.36135  0.05923 -0.99140
   0.35347  0.05941 -1.00900
   0.34564  0.05957 -1.02771
   0.33786  0.05971 -1.04670
   0.33015  0.05982 -1.06536
   0.32249  0.05990 -1.08446
   0.31489  0.05997 -1.10494
   0.30735  0.06000 -1.12470
   0.29987  0.06002 -1.14618
   0.29246  0.06000 -1.16701
   0.28511  0.05997 -1.18870
   0.27783  0.05990 -1.21082
   0.27061  0.05982 -1.23294
   0.26346  0.05970 -1.25564
   0.25639  0.05956 -1.27914
   0.24938  0.05940 -1.30334
   0.24245  0.05921 -1.32888
   0.23559  0.05899 -1.35210
   0.22880  0.05875 -1.37880
   0.22209  0.05848 -1.40493
   0.21546  0.05818 -1.43146
   0.20891  0.05786 -1.45933
   0.20243  0.05751 -1.48916
   0.19604  0.05714 -1.51605
   0.18973  0.05674 -1.54583
   0.18350  0.05632 -1.57531
   0.17736  0.05587 -1.61147
   0.17130  0.05539 -1.64024
   0.16533  0.05489 -1.67280
   0.15945  0.05437 -1.71054
   0.15365  0.05382 -1.74322
   0.14795  0.05324 -1.77997
   0.14234  0.05264 -1.81945
   0.13681  0.05201 -1.85799
   0.13139  0.05137 -1.89858
   0.12605  0.05069 -1.93797
   0.12082  0.04999 -1.98234
   0.11567  0.04927 -2.02976
   0.11063  0.04853 -2.07359
   0.10568  0.04776 -2.12181
   0.10084  0.04697 -2.16990
   0.09609  0.04616 -2.22413
   0.09145  0.04532 -2.27684
   0.08691  0.04446 -2.33604
   0.08247  0.04358 -2.39172
   0.07814  0.04268 -2.45590
   0.07391  0.04176 -2.51814
   0.06980  0.04081 -2.58226
   0.06578  0.03985 -2.64951
   0.06188  0.03887 -2.72508
   0.05809  0.03786 -2.78460
   0.05441  0.03684 -2.87348
   0.05084  0.03580 -2.93356
   0.04738  0.03474 -3.01368
   0.04403  0.03366 -3.09786
   0.04080  0.03256 -3.17089
   0.03769  0.03144 -3.31059
   0.03469  0.03031 -3.53970
   0.03181  0.02916 -3.99818
   0.02905  0.02799 -4.72328
   0.02641  0.02681 -4.99675
   0.02389  0.02561 -5.03221
   0.02149  0.02439 -5.06545
   0.01921  0.02316 -5.09926
   0.01705  0.02191 -5.13789
   0.01502  0.02065 -5.18575
   0.01311  0.01937 -5.24863
   0.01133  0.01808 -5.33464
   0.00967  0.01677 -5.45420
   0.00815  0.01545 -5.60794
   0.00675  0.01411 -5.79660
   0.00548  0.01276 -6.00896
   0.00434  0.01140 -6.18482
   0.00333  0.01002 -6.35838
   0.00245  0.00863 -6.42447
   0.00170  0.00722 -6.43542
   0.00109  0.00581 -6.33430
   0.00062  0.00437 -6.07572
   0.00027  0.00293 -5.77367
   0.00007  0.00147 -5.32735
   0.00000  0.00000 -4.80162
   0.00007 -0.00147 -4.20495
   0.00027 -0.00293 -3.60022
   0.00062 -0.00437 -2.98564
   0.00109 -0.00581 -2.38404
   0.00170 -0.00722 -1.77728
   0.00245 -0.00863 -1.30477
   0.00333 -0.01002 -0.83570
   0.00434 -0.01140 -0.45804
   0.00548 -0.01276 -0.13518
   0.00675 -0.01411  0.13015
   0.00815 -0.01545  0.35092
   0.00967 -0.01677  0.52219
   0.01133 -0.01808  0.64697
   0.01311 -0.01937  0.76486
   0.01502 -0.02065  0.83225
   0.01705 -0.02191  0.89635
   0.01921 -0.02316  0.93715
   0.02149 -0.02439  0.96856
   0.02389 -0.02561  0.98759
   0.02641 -0.02681  0.99615
   0.02905 -0.02799  1.00000
   0.03181 -0.02916  0.99789
   0.03469 -0.03031  0.99078
   0.03769 -0.03144  0.98256
   0.04080 -0.03256  0.96891
   0.04403 -0.03366  0.95427
   0.04738 -0.03474  0.93916
   0.05084 -0.03580  0.92099
   0.05441 -0.03684  0.90216
   0.05809 -0.03786  0.88429
   0.06188 -0.03887  0.86494
   0.06578 -0.03985  0.84778
   0.06980 -0.04081  0.82489
   0.07391 -0.04176  0.80849
   0.07814 -0.04268  0.78930
   0.08247 -0.04358  0.76897
   0.08691 -0.04446  0.75165
   0.09145 -0.04532  0.73307
   0.09609 -0.04616  0.71451
   0.10084 -0.04697  0.69699
   0.10568 -0.04776  0.67935
   0.11063 -0.04853  0.66361
   0.11567 -0.04927  0.64781
   0.12082 -0.04999  0.63147
   0.12605 -0.05069  0.61764
   0.13139 -0.05137  0.59965
   0.13681 -0.05201  0.58604
   0.14234 -0.05264  0.57260
   0.14795 -0.05324  0.55841
   0.15365 -0.05382  0.54590
   0.15945 -0.05437  0.53238
   0.16533 -0.05489  0.51982
   0.17130 -0.05539  0.50750
   0.17736 -0.05587  0.49696
   0.18350 -0.05632  0.48485
   0.18973 -0.05674  0.47453
   0.19604 -0.05714  0.46332
   0.20243 -0.05751  0.45375
   0.20891 -0.05786  0.44414
   0.21546 -0.05818  0.43492
   0.22209 -0.05848  0.42605
   0.22880 -0.05875  0.41658
   0.23559 -0.05899  0.40859
   0.24245 -0.05921  0.40016
   0.24938 -0.05940  0.39302
   0.25639 -0.05956  0.38533
   0.26346 -0.05970  0.37892
   0.27061 -0.05982  0.37119
   0.27783 -0.05990  0.36508
   0.28511 -0.05997  0.35871
   0.29246 -0.06000  0.35332
   0.29987 -0.06002  0.34677
   0.30735 -0.06000  0.34231
   0.31489 -0.05997  0.33622
   0.32249 -0.05990  0.33210
   0.33015 -0.05982  0.32724
   0.33786 -0.05971  0.32300
   0.34564 -0.05957  0.31837
   0.35347 -0.05941  0.31469
   0.36135 -0.05923  0.31156
   0.36928 -0.05902  0.30731
   0.37727 -0.05880  0.30459
   0.38531 -0.05854  0.30123
   0.39339 -0.05827  0.29869
   0.40152 -0.05797  0.29612
   0.40969 -0.05765  0.29384
   0.41791 -0.05731  0.29194
   0.42617 -0.05695  0.28955
   0.43447 -0.05657  0.28844
   0.44281 -0.05617  0.28656
   0.45119 -0.05575  0.28573
   0.45960 -0.05530  0.28456
   0.46804 -0.05484  0.28368
   0.47652 -0.05436  0.28331
   0.48503 -0.05386  0.28308
   0.49357 -0.05334  0.28300
   0.50213 -0.05281  0.28331
   0.51072 -0.05225  0.28389
   0.51933 -0.05168  0.28476
   0.52797 -0.05109  0.28588
   0.53662 -0.05049  0.28745
   0.54530 -0.04987  0.28937
   0.55399 -0.04923  0.29163
   0.56269 -0.04858  0.29427
   0.57141 -0.04791  0.29762
   0.58013 -0.04723  0.30125
   0.58887 -0.04654  0.30554
   0.59761 -0.04583  0.31010
   0.60635 -0.04511  0.31535
   0.61510 -0.04437  0.32064
   0.62385 -0.04363  0.32600
   0.63259 -0.04287  0.33104
   0.64133 -0.04210  0.33542
   0.65007 -0.04132  0.33903
   0.65879 -0.04053  0.34211
   0.66751 -0.03973  0.34462
   0.67621 -0.03891  0.34651
   0.68489 -0.03809  0.34785
   0.69355 -0.03726  0.34871
   0.69810 -0.03682  0.34907
   0.70037 -0.03660  0.34899
   0.70461 -0.03693  0.35064
   0.71309 -0.03757  0.35361
   0.72167 -0.03821  0.35660
   0.73022 -0.03883  0.35914
   0.73874 -0.03945  0.35913
   0.74722 -0.04005  0.35285
   0.75566 -0.04064  0.34078
   0.76406 -0.04122  0.32573
   0.77242 -0.04178  0.30966
   0.78072 -0.04234  0.29440
   0.78897 -0.04288  0.27961
   0.79716 -0.04341  0.26620
   0.80530 -0.04392  0.25340
   0.81337 -0.04442  0.24180
   0.82137 -0.04491  0.23039
   0.82930 -0.04539  0.21959
   0.83715 -0.04585  0.20985
   0.84492 -0.04631  0.19988
   0.85261 -0.04674  0.19067
   0.86020 -0.04717  0.18159
   0.86770 -0.04758  0.17315
   0.87510 -0.04798  0.16443
   0.88239 -0.04837  0.15591
   0.88957 -0.04874  0.14771
   0.89663 -0.04910  0.13981
   0.90357 -0.04944  0.13155
   0.91037 -0.04978  0.12423
   0.91703 -0.05010  0.11570
   0.92355 -0.05040  0.10813
   0.92990 -0.05069  0.09985
   0.93609 -0.05097  0.09273
   0.94211 -0.05124  0.08443
   0.94793 -0.05149  0.07683
   0.95356 -0.05173  0.06825
   0.95897 -0.05195  0.06104
   0.96415 -0.05216  0.05190
   0.96908 -0.05236  0.04400
   0.97375 -0.05254  0.03495
   0.97811 -0.05271  0.02700
   0.98216 -0.05286  0.01760
   0.98584 -0.05300  0.00825
   0.98911 -0.05312 -0.00249
   0.99188 -0.05322 -0.01284
   0.99404 -0.05329 -0.02782
   0.99522 -0.05334 -0.04664
