NACA 0012                                       
 Alfa =   9.00000 Re =   500000.000 Xflap,Yflap =     0.750000    0.000000
#    x        y        Cp  
   0.98535 -0.08432 -0.14552
   0.98431 -0.08376 -0.14567
   0.98240 -0.08275 -0.14595
   0.97995 -0.08145 -0.14632
   0.97706 -0.07992 -0.14675
   0.97380 -0.07820 -0.14722
   0.97022 -0.07631 -0.14773
   0.96636 -0.07427 -0.14828
   0.96223 -0.07210 -0.14886
   0.95786 -0.06980 -0.14946
   0.95327 -0.06739 -0.15009
   0.94847 -0.06488 -0.15073
   0.94348 -0.06227 -0.15138
   0.93830 -0.05958 -0.15205
   0.93296 -0.05680 -0.15272
   0.92746 -0.05395 -0.15341
   0.92181 -0.05102 -0.15410
   0.91602 -0.04803 -0.15479
   0.91009 -0.04498 -0.15548
   0.90403 -0.04186 -0.15616
   0.89785 -0.03870 -0.15683
   0.89156 -0.03548 -0.15749
   0.88516 -0.03221 -0.15813
   0.87865 -0.02890 -0.15874
   0.87204 -0.02554 -0.15931
   0.86534 -0.02215 -0.15983
   0.85855 -0.01872 -0.16028
   0.85168 -0.01526 -0.16062
   0.84472 -0.01176 -0.16079
   0.83769 -0.00824 -0.16071
   0.83058 -0.00469 -0.16018
   0.82341 -0.00111 -0.15884
   0.81617  0.00249 -0.15590
   0.80887  0.00611 -0.15030
   0.80150  0.00975 -0.15116
   0.79409  0.01341 -0.16160
   0.78662  0.01708 -0.18117
   0.77910  0.02077 -0.21293
   0.77154  0.02447 -0.26231
   0.76394  0.02818 -0.34321
   0.76210  0.02901 -0.37126
   0.75865  0.03022 -0.41439
   0.75508  0.03102 -0.44440
   0.74500  0.03212 -0.45629
   0.73650  0.03300 -0.46730
   0.72797  0.03386 -0.47789
   0.71941  0.03472 -0.48832
   0.71082  0.03558 -0.49918
   0.70220  0.03642 -0.50980
   0.69355  0.03726 -0.52062
   0.68489  0.03809 -0.53151
   0.67621  0.03891 -0.54250
   0.66751  0.03973 -0.55378
   0.65879  0.04053 -0.56502
   0.65007  0.04132 -0.57638
   0.64133  0.04210 -0.58807
   0.63259  0.04287 -0.59968
   0.62385  0.04363 -0.61143
   0.61510  0.04437 -0.62370
   0.60635  0.04511 -0.63566
   0.59761  0.04583 -0.64812
   0.58887  0.04654 -0.66058
   0.58013  0.04723 -0.67329
   0.57141  0.04791 -0.68614
   0.56269  0.04858 -0.69919
   0.55399  0.04923 -0.71255
   0.54530  0.04987 -0.72589
   0.53662  0.05049 -0.73945
   0.52797  0.05109 -0.75361
   0.51933  0.05168 -0.76740
   0.51072  0.05225 -0.78185
   0.50213  0.05281 -0.79640
   0.49357  0.05334 -0.81123
   0.48503  0.05386 -0.82609
   0.47652  0.05436 -0.84133
   0.46804  0.05484 -0.85705
   0.45960  0.05530 -0.87233
   0.45119  0.05575 -0.88921
   0.44281  0.05617 -0.90498
   0.43447  0.05657 -0.92177
   0.42617  0.05695 -0.93822
   0.41791  0.05731 -0.95602
   0.40969  0.05765 -0.97291
   0.40152  0.05797 -0.99107
   0.39339  0.05827 -1.00887
   0.38531  0.05854 -1.02741
   0.37727  0.05880 -1.04607
   0.36928  0.05902 -1.06504
   0.36135  0.05923 -1.08433
   0.35347  0.05941 -1.10402
   0.34564  0.05957 -1.12546
   0.33786  0.05971 -1.14516
   0.33015  0.05982 -1.16657
   0.32249  0.05990 -1.18717
   0.31489  0.05997 -1.20998
   0.30735  0.06000 -1.23143
   0.29987  0.06002 -1.25430
   0.29246  0.06000 -1.27788
   0.28511  0.05997 -1.30181
   0.27783  0.05990 -1.32438
   0.27061  0.05982 -1.35098
   0.26346  0.05970 -1.37477
   0.25639  0.05956 -1.40146
   0.24938  0.05940 -1.42707
   0.24245  0.05921 -1.45517
   0.23559  0.05899 -1.48187
   0.22880  0.05875 -1.51049
   0.22209  0.05848 -1.53943
   0.21546  0.05818 -1.57058
   0.20891  0.05786 -1.59972
   0.20243  0.05751 -1.62929
   0.19604  0.05714 -1.66746
   0.18973  0.05674 -1.69465
   0.18350  0.05632 -1.73140
   0.17736  0.05587 -1.76809
   0.17130  0.05539 -1.80213
   0.16533  0.05489 -1.84111
   0.15945  0.05437 -1.87729
   0.15365  0.05382 -1.91793
   0.14795  0.05324 -1.96009
   0.14234  0.05264 -2.00449
   0.13681  0.05201 -2.04139
   0.13139  0.05137 -2.08940
   0.12605  0.05069 -2.13970
   0.12082  0.04999 -2.18215
   0.11567  0.04927 -2.24294
   0.11063  0.04853 -2.28796
   0.10568  0.04776 -2.34330
   0.10084  0.04697 -2.40786
   0.09609  0.04616 -2.46204
   0.09145  0.04532 -2.52133
   0.08691  0.04446 -2.59732
   0.08247  0.04358 -2.64961
   0.07814  0.04268 -2.72984
   0.07391  0.04176 -2.80162
   0.06980  0.04081 -2.87631
   0.06578  0.03985 -2.95995
   0.06188  0.03887 -3.04981
   0.05809  0.03786 -3.12897
   0.05441  0.03684 -3.22148
   0.05084  0.03580 -3.31262
   0.04738  0.03474 -3.41593
   0.04403  0.03366 -3.50922
   0.04080  0.03256 -3.61475
   0.03769  0.03144 -3.70619
   0.03469  0.03031 -3.85403
   0.03181  0.02916 -4.06313
   0.02905  0.02799 -4.48184
   0.02641  0.02681 -5.23201
   0.02389  0.02561 -6.04362
   0.02149  0.02439 -6.08572
   0.01921  0.02316 -6.12076
   0.01705  0.02191 -6.15644
   0.01502  0.02065 -6.19550
   0.01311  0.01937 -6.24091
   0.01133  0.01808 -6.30449
   0.00967  0.01677 -6.39403
   0.00815  0.01545 -6.52461
   0.00675  0.01411 -6.70327
   0.00548  0.01276 -6.92865
   0.00434  0.01140 -7.18435
   0.00333  0.01002 -7.40770
   0.00245  0.00863 -7.56769
   0.00170  0.00722 -7.63016
   0.00109  0.00581 -7.57780
   0.00062  0.00437 -7.37031
   0.00027  0.00293 -7.11933
   0.00007  0.00147 -6.55248
   0.00000  0.00000 -5.97823
   0.00007 -0.00147 -5.37051
   0.00027 -0.00293 -4.71338
   0.00062 -0.00437 -3.96007
   0.00109 -0.00581 -3.31296
   0.00170 -0.00722 -2.61395
   0.00245 -0.00863 -2.03083
   0.00333 -0.01002 -1.45152
   0.00434 -0.01140 -0.97481
   0.00548 -0.01276 -0.59118
   0.00675 -0.01411 -0.25246
   0.00815 -0.01545  0.01341
   0.00967 -0.01677  0.26146
   0.01133 -0.01808  0.42034
   0.01311 -0.01937  0.58177
   0.01502 -0.02065  0.69106
   0.01705 -0.02191  0.78219
   0.01921 -0.02316  0.84978
   0.02149 -0.02439  0.89967
   0.02389 -0.02561  0.94028
   0.02641 -0.02681  0.96508
   0.02905 -0.02799  0.98402
   0.03181 -0.02916  0.99560
   0.03469 -0.03031  0.99942
   0.03769 -0.03144  0.99957
   0.04080 -0.03256  0.99415
   0.04403 -0.03366  0.98935
   0.04738 -0.03474  0.97863
   0.05084 -0.03580  0.96635
   0.05441 -0.03684  0.95379
   0.05809 -0.03786  0.93960
   0.06188 -0.03887  0.92461
   0.06578 -0.03985  0.90809
   0.06980 -0.04081  0.89171
   0.07391 -0.04176  0.87590
   0.07814 -0.04268  0.85998
   0.08247 -0.04358  0.84155
   0.08691 -0.04446  0.82505
   0.09145 -0.04532  0.80901
   0.09609 -0.04616  0.79257
   0.10084 -0.04697  0.77550
   0.10568 -0.04776  0.75927
   0.11063 -0.04853  0.74567
   0.11567 -0.04927  0.72875
   0.12082 -0.04999  0.71282
   0.12605 -0.05069  0.69967
   0.13139 -0.05137  0.68345
   0.13681 -0.05201  0.67041
   0.14234 -0.05264  0.65721
   0.14795 -0.05324  0.64258
   0.15365 -0.05382  0.62971
   0.15945 -0.05437  0.61938
   0.16533 -0.05489  0.60615
   0.17130 -0.05539  0.59525
   0.17736 -0.05587  0.58200
   0.18350 -0.05632  0.57232
   0.18973 -0.05674  0.55912
   0.19604 -0.05714  0.55183
   0.20243 -0.05751  0.54043
   0.20891 -0.05786  0.53187
   0.21546 -0.05818  0.52301
   0.22209 -0.05848  0.51174
   0.22880 -0.05875  0.50483
   0.23559 -0.05899  0.49700
   0.24245 -0.05921  0.48810
   0.24938 -0.05940  0.48061
   0.25639 -0.05956  0.47325
   0.26346 -0.05970  0.46562
   0.27061 -0.05982  0.46080
   0.27783 -0.05990  0.45372
   0.28511 -0.05997  0.44734
   0.29246 -0.06000  0.44200
   0.29987 -0.06002  0.43606
   0.30735 -0.06000  0.43108
   0.31489 -0.05997  0.42607
   0.32249 -0.05990  0.42119
   0.33015 -0.05982  0.41756
   0.33786 -0.05971  0.41278
   0.34564 -0.05957  0.40906
   0.35347 -0.05941  0.40555
   0.36135 -0.05923  0.40226
   0.36928 -0.05902  0.39887
   0.37727 -0.05880  0.39617
   0.38531 -0.05854  0.39375
   0.39339 -0.05827  0.39181
   0.40152 -0.05797  0.38938
   0.40969 -0.05765  0.38743
   0.41791 -0.05731  0.38629
   0.42617 -0.05695  0.38444
   0.43447 -0.05657  0.38420
   0.44281 -0.05617  0.38294
   0.45119 -0.05575  0.38296
   0.45960 -0.05530  0.38239
   0.46804 -0.05484  0.38284
   0.47652 -0.05436  0.38327
   0.48503 -0.05386  0.38425
   0.49357 -0.05334  0.38540
   0.50213 -0.05281  0.38687
   0.51072 -0.05225  0.38900
   0.51933 -0.05168  0.39140
   0.52797 -0.05109  0.39437
   0.53662 -0.05049  0.39768
   0.54530 -0.04987  0.40158
   0.55399 -0.04923  0.40593
   0.56269 -0.04858  0.41065
   0.57141 -0.04791  0.41566
   0.58013 -0.04723  0.42070
   0.58887 -0.04654  0.42543
   0.59761 -0.04583  0.42953
   0.60635 -0.04511  0.43295
   0.61510 -0.04437  0.43588
   0.62385 -0.04363  0.43825
   0.63259 -0.04287  0.44005
   0.64133 -0.04210  0.44134
   0.65007 -0.04132  0.44223
   0.65879 -0.04053  0.44277
   0.66751 -0.03973  0.44306
   0.67621 -0.03891  0.44316
   0.68489 -0.03809  0.44311
   0.69355 -0.03726  0.44295
   0.70220 -0.03642  0.44272
   0.71082 -0.03558  0.44244
   0.71941 -0.03472  0.44213
   0.72797 -0.03386  0.44182
   0.73650 -0.03300  0.44151
   0.74401 -0.03222  0.44131
   0.74776 -0.03184  0.44509
   0.75149 -0.03276  0.46371
   0.75895 -0.03462  0.49591
   0.76708 -0.03662  0.52905
   0.77516 -0.03861  0.56278
   0.78319 -0.04057  0.57729
   0.79117 -0.04252  0.57266
   0.79909 -0.04444  0.55427
   0.80695 -0.04633  0.52803
   0.81474 -0.04821  0.49888
   0.82247 -0.05005  0.47029
   0.83012 -0.05187  0.44288
   0.83770 -0.05367  0.41708
   0.84519 -0.05543  0.39349
   0.85259 -0.05717  0.37124
   0.85991 -0.05888  0.34969
   0.86713 -0.06056  0.33046
   0.87424 -0.06220  0.31049
   0.88124 -0.06382  0.29174
   0.88814 -0.06540  0.27345
   0.89490 -0.06694  0.25626
   0.90155 -0.06845  0.23789
   0.90805 -0.06992  0.22145
   0.91441 -0.07135  0.20301
   0.92062 -0.07274  0.18691
   0.92667 -0.07409  0.16950
   0.93255 -0.07540  0.15234
   0.93824 -0.07666  0.13487
   0.94374 -0.07787  0.11812
   0.94903 -0.07903  0.10052
   0.95409 -0.08014  0.08080
   0.95892 -0.08119  0.06416
   0.96348 -0.08218  0.04317
   0.96775 -0.08310  0.02381
   0.97171 -0.08395  0.00468
   0.97531 -0.08473 -0.01598
   0.97851 -0.08541 -0.03923
   0.98122 -0.08599 -0.06350
   0.98333 -0.08644 -0.09596
   0.98449 -0.08669 -0.14552
