NACA 0012                                       
 Alfa =   9.00000 Re =   500000.000 Xflap,Yflap =     0.700000    0.000000
#    x        y        Cp  
   0.98234 -0.10142 -0.17999
   0.98129 -0.10087 -0.18016
   0.97939 -0.09985 -0.18049
   0.97693 -0.09855 -0.18090
   0.97404 -0.09702 -0.18139
   0.97079 -0.09530 -0.18194
   0.96721 -0.09341 -0.18253
   0.96334 -0.09137 -0.18316
   0.95921 -0.08920 -0.18383
   0.95484 -0.08690 -0.18453
   0.95025 -0.08449 -0.18525
   0.94545 -0.08198 -0.18600
   0.94046 -0.07937 -0.18677
   0.93529 -0.07668 -0.18756
   0.92995 -0.07390 -0.18836
   0.92445 -0.07105 -0.18917
   0.91880 -0.06812 -0.18999
   0.91300 -0.06513 -0.19082
   0.90707 -0.06208 -0.19165
   0.90102 -0.05896 -0.19249
   0.89484 -0.05580 -0.19333
   0.88854 -0.05258 -0.19417
   0.88214 -0.04931 -0.19501
   0.87563 -0.04600 -0.19584
   0.86903 -0.04265 -0.19667
   0.86233 -0.03925 -0.19749
   0.85553 -0.03582 -0.19829
   0.84866 -0.03236 -0.19908
   0.84170 -0.02887 -0.19985
   0.83467 -0.02534 -0.20059
   0.82757 -0.02179 -0.20129
   0.82039 -0.01821 -0.20194
   0.81315 -0.01461 -0.20253
   0.80585 -0.01099 -0.20303
   0.79849 -0.00735 -0.20338
   0.79107 -0.00370 -0.20353
   0.78361 -0.00002 -0.20332
   0.77609  0.00366 -0.20247
   0.76853  0.00736 -0.20037
   0.76092  0.01107 -0.19563
   0.75327  0.01479 -0.19126
   0.74559  0.01852 -0.19991
   0.73787  0.02225 -0.21878
   0.73012  0.02599 -0.25132
   0.72233  0.02973 -0.30375
   0.71430  0.03355 -0.39703
   0.71132  0.03466 -0.43643
   0.70826  0.03552 -0.46941
   0.70513  0.03610 -0.49027
   0.70220  0.03642 -0.49553
   0.69355  0.03726 -0.50885
   0.68489  0.03809 -0.52139
   0.67621  0.03891 -0.53382
   0.66751  0.03973 -0.54628
   0.65879  0.04053 -0.55863
   0.65007  0.04132 -0.57095
   0.64133  0.04210 -0.58352
   0.63259  0.04287 -0.59594
   0.62385  0.04363 -0.60850
   0.61510  0.04437 -0.62138
   0.60635  0.04511 -0.63421
   0.59761  0.04583 -0.64711
   0.58887  0.04654 -0.66019
   0.58013  0.04723 -0.67344
   0.57141  0.04791 -0.68685
   0.56269  0.04858 -0.70045
   0.55399  0.04923 -0.71416
   0.54530  0.04987 -0.72818
   0.53662  0.05049 -0.74202
   0.52797  0.05109 -0.75651
   0.51933  0.05168 -0.77102
   0.51072  0.05225 -0.78562
   0.50213  0.05281 -0.80060
   0.49357  0.05334 -0.81573
   0.48503  0.05386 -0.83122
   0.47652  0.05436 -0.84668
   0.46804  0.05484 -0.86279
   0.45960  0.05530 -0.87889
   0.45119  0.05575 -0.89527
   0.44281  0.05617 -0.91141
   0.43447  0.05657 -0.92900
   0.42617  0.05695 -0.94556
   0.41791  0.05731 -0.96371
   0.40969  0.05765 -0.98117
   0.40152  0.05797 -0.99917
   0.39339  0.05827 -1.01764
   0.38531  0.05854 -1.03630
   0.37727  0.05880 -1.05544
   0.36928  0.05902 -1.07473
   0.36135  0.05923 -1.09535
   0.35347  0.05941 -1.11488
   0.34564  0.05957 -1.13577
   0.33786  0.05971 -1.15616
   0.33015  0.05982 -1.17808
   0.32249  0.05990 -1.19893
   0.31489  0.05997 -1.22189
   0.30735  0.06000 -1.24450
   0.29987  0.06002 -1.26702
   0.29246  0.06000 -1.29120
   0.28511  0.05997 -1.31521
   0.27783  0.05990 -1.34026
   0.27061  0.05982 -1.36466
   0.26346  0.05970 -1.38961
   0.25639  0.05956 -1.41639
   0.24938  0.05940 -1.44502
   0.24245  0.05921 -1.46977
   0.23559  0.05899 -1.49879
   0.22880  0.05875 -1.52770
   0.22209  0.05848 -1.55851
   0.21546  0.05818 -1.58726
   0.20891  0.05786 -1.61973
   0.20243  0.05751 -1.65070
   0.19604  0.05714 -1.68353
   0.18973  0.05674 -1.71890
   0.18350  0.05632 -1.75285
   0.17736  0.05587 -1.78576
   0.17130  0.05539 -1.82586
   0.16533  0.05489 -1.86164
   0.15945  0.05437 -1.90340
   0.15365  0.05382 -1.94403
   0.14795  0.05324 -1.98203
   0.14234  0.05264 -2.02827
   0.13681  0.05201 -2.07637
   0.13139  0.05137 -2.11644
   0.12605  0.05069 -2.16693
   0.12082  0.04999 -2.21613
   0.11567  0.04927 -2.26903
   0.11063  0.04853 -2.32504
   0.10568  0.04776 -2.37795
   0.10084  0.04697 -2.43919
   0.09609  0.04616 -2.49885
   0.09145  0.04532 -2.56745
   0.08691  0.04446 -2.62457
   0.08247  0.04358 -2.69935
   0.07814  0.04268 -2.77099
   0.07391  0.04176 -2.84642
   0.06980  0.04081 -2.92649
   0.06578  0.03985 -3.00624
   0.06188  0.03887 -3.09618
   0.05809  0.03786 -3.18565
   0.05441  0.03684 -3.28227
   0.05084  0.03580 -3.37803
   0.04738  0.03474 -3.46675
   0.04403  0.03366 -3.58431
   0.04080  0.03256 -3.68776
   0.03769  0.03144 -3.78819
   0.03469  0.03031 -3.92222
   0.03181  0.02916 -4.11058
   0.02905  0.02799 -4.45984
   0.02641  0.02681 -5.13984
   0.02389  0.02561 -6.14416
   0.02149  0.02439 -6.27699
   0.01921  0.02316 -6.31427
   0.01705  0.02191 -6.34906
   0.01502  0.02065 -6.38597
   0.01311  0.01937 -6.43162
   0.01133  0.01808 -6.49015
   0.00967  0.01677 -6.57508
   0.00815  0.01545 -6.69772
   0.00675  0.01411 -6.87074
   0.00548  0.01276 -7.09616
   0.00434  0.01140 -7.35077
   0.00333  0.01002 -7.60451
   0.00245  0.00863 -7.77785
   0.00170  0.00722 -7.82489
   0.00109  0.00581 -7.82714
   0.00062  0.00437 -7.60560
   0.00027  0.00293 -7.25855
   0.00007  0.00147 -6.84452
   0.00000  0.00000 -6.24819
   0.00007 -0.00147 -5.58125
   0.00027 -0.00293 -4.91844
   0.00062 -0.00437 -4.17162
   0.00109 -0.00581 -3.46827
   0.00170 -0.00722 -2.76346
   0.00245 -0.00863 -2.15685
   0.00333 -0.01002 -1.57817
   0.00434 -0.01140 -1.10769
   0.00548 -0.01276 -0.67463
   0.00675 -0.01411 -0.34043
   0.00815 -0.01545 -0.04828
   0.00967 -0.01677  0.19764
   0.01133 -0.01808  0.38433
   0.01311 -0.01937  0.53658
   0.01502 -0.02065  0.65991
   0.01705 -0.02191  0.74728
   0.01921 -0.02316  0.82619
   0.02149 -0.02439  0.88434
   0.02389 -0.02561  0.92657
   0.02641 -0.02681  0.95575
   0.02905 -0.02799  0.97829
   0.03181 -0.02916  0.99098
   0.03469 -0.03031  0.99810
   0.03769 -0.03144  1.00000
   0.04080 -0.03256  0.99753
   0.04403 -0.03366  0.99261
   0.04738 -0.03474  0.98382
   0.05084 -0.03580  0.97414
   0.05441 -0.03684  0.96279
   0.05809 -0.03786  0.94772
   0.06188 -0.03887  0.93560
   0.06578 -0.03985  0.91959
   0.06980 -0.04081  0.90470
   0.07391 -0.04176  0.88919
   0.07814 -0.04268  0.87278
   0.08247 -0.04358  0.85544
   0.08691 -0.04446  0.84109
   0.09145 -0.04532  0.82147
   0.09609 -0.04616  0.80842
   0.10084 -0.04697  0.79310
   0.10568 -0.04776  0.77581
   0.11063 -0.04853  0.76062
   0.11567 -0.04927  0.74553
   0.12082 -0.04999  0.73235
   0.12605 -0.05069  0.71637
   0.13139 -0.05137  0.70242
   0.13681 -0.05201  0.68929
   0.14234 -0.05264  0.67569
   0.14795 -0.05324  0.66228
   0.15365 -0.05382  0.65047
   0.15945 -0.05437  0.63673
   0.16533 -0.05489  0.62616
   0.17130 -0.05539  0.61461
   0.17736 -0.05587  0.60240
   0.18350 -0.05632  0.59275
   0.18973 -0.05674  0.58135
   0.19604 -0.05714  0.57220
   0.20243 -0.05751  0.56195
   0.20891 -0.05786  0.55322
   0.21546 -0.05818  0.54335
   0.22209 -0.05848  0.53550
   0.22880 -0.05875  0.52687
   0.23559 -0.05899  0.51802
   0.24245 -0.05921  0.51154
   0.24938 -0.05940  0.50408
   0.25639 -0.05956  0.49700
   0.26346 -0.05970  0.49014
   0.27061 -0.05982  0.48352
   0.27783 -0.05990  0.47811
   0.28511 -0.05997  0.47220
   0.29246 -0.06000  0.46631
   0.29987 -0.06002  0.46136
   0.30735 -0.06000  0.45648
   0.31489 -0.05997  0.45186
   0.32249 -0.05990  0.44777
   0.33015 -0.05982  0.44406
   0.33786 -0.05971  0.44029
   0.34564 -0.05957  0.43678
   0.35347 -0.05941  0.43333
   0.36135 -0.05923  0.43132
   0.36928 -0.05902  0.42811
   0.37727 -0.05880  0.42620
   0.38531 -0.05854  0.42409
   0.39339 -0.05827  0.42262
   0.40152 -0.05797  0.42123
   0.40969 -0.05765  0.42009
   0.41791 -0.05731  0.41941
   0.42617 -0.05695  0.41916
   0.43447 -0.05657  0.41902
   0.44281 -0.05617  0.41957
   0.45119 -0.05575  0.42013
   0.45960 -0.05530  0.42136
   0.46804 -0.05484  0.42289
   0.47652 -0.05436  0.42496
   0.48503 -0.05386  0.42749
   0.49357 -0.05334  0.43044
   0.50213 -0.05281  0.43423
   0.51072 -0.05225  0.43834
   0.51933 -0.05168  0.44295
   0.52797 -0.05109  0.44802
   0.53662 -0.05049  0.45317
   0.54530 -0.04987  0.45817
   0.55399 -0.04923  0.46255
   0.56269 -0.04858  0.46619
   0.57141 -0.04791  0.46926
   0.58013 -0.04723  0.47174
   0.58887 -0.04654  0.47358
   0.59761 -0.04583  0.47489
   0.60635 -0.04511  0.47575
   0.61510 -0.04437  0.47626
   0.62385 -0.04363  0.47652
   0.63259 -0.04287  0.47658
   0.64133 -0.04210  0.47648
   0.65007 -0.04132  0.47630
   0.65879 -0.04053  0.47603
   0.66751 -0.03973  0.47573
   0.67621 -0.03891  0.47541
   0.68489 -0.03809  0.47507
   0.69306 -0.03731  0.47481
   0.69715 -0.03692  0.47442
   0.70022 -0.03770  0.47536
   0.70636 -0.03927  0.49755
   0.71470 -0.04139  0.53280
   0.72302 -0.04349  0.56733
   0.73130 -0.04558  0.59468
   0.73955 -0.04764  0.59804
   0.74776 -0.04969  0.58344
   0.75593 -0.05172  0.55823
   0.76406 -0.05372  0.52913
   0.77214 -0.05571  0.50025
   0.78017 -0.05768  0.47287
   0.78815 -0.05962  0.44818
   0.79607 -0.06154  0.42443
   0.80393 -0.06343  0.40321
   0.81173 -0.06531  0.38308
   0.81945 -0.06715  0.36370
   0.82711 -0.06897  0.34592
   0.83468 -0.07077  0.32789
   0.84217 -0.07253  0.31142
   0.84958 -0.07427  0.29459
   0.85689 -0.07598  0.27841
   0.86411 -0.07766  0.26280
   0.87122 -0.07930  0.24645
   0.87823 -0.08092  0.23207
   0.88512 -0.08250  0.21595
   0.89189 -0.08404  0.20019
   0.89853 -0.08555  0.18501
   0.90504 -0.08702  0.16975
   0.91140 -0.08845  0.15466
   0.91761 -0.08985  0.13861
   0.92365 -0.09120  0.12280
   0.92953 -0.09250  0.10726
   0.93522 -0.09376  0.09081
   0.94072 -0.09497  0.07415
   0.94601 -0.09613  0.05779
   0.95108 -0.09724  0.03936
   0.95590 -0.09829  0.02263
   0.96046 -0.09928  0.00497
   0.96474 -0.10020 -0.01451
   0.96869 -0.10106 -0.03410
   0.97229 -0.10183 -0.05483
   0.97549 -0.10251 -0.07544
   0.97821 -0.10309 -0.10049
   0.98032 -0.10354 -0.13219
   0.98148 -0.10379 -0.17999
