NACA 0012                                       
 Alfa =   9.00000 Re =   500000.000 Xflap,Yflap =     0.750000    0.000000
#    x        y        Cp  
   0.99642 -0.04217 -0.02061
   0.99529 -0.04180 -0.02081
   0.99324 -0.04114 -0.02117
   0.99060 -0.04028 -0.02164
   0.98749 -0.03928 -0.02218
   0.98398 -0.03815 -0.02278
   0.98013 -0.03691 -0.02342
   0.97597 -0.03557 -0.02409
   0.97152 -0.03415 -0.02479
   0.96682 -0.03264 -0.02549
   0.96188 -0.03107 -0.02619
   0.95672 -0.02943 -0.02686
   0.95135 -0.02773 -0.02749
   0.94579 -0.02597 -0.02805
   0.94005 -0.02417 -0.02851
   0.93414 -0.02231 -0.02880
   0.92806 -0.02041 -0.02886
   0.92184 -0.01847 -0.02858
   0.91547 -0.01649 -0.02789
   0.90896 -0.01448 -0.02687
   0.90233 -0.01243 -0.02656
   0.89557 -0.01036 -0.02911
   0.88870 -0.00825 -0.03304
   0.88171 -0.00612 -0.03822
   0.87462 -0.00396 -0.04475
   0.86743 -0.00179 -0.05272
   0.86015  0.00041 -0.06229
   0.85278  0.00263 -0.07352
   0.84532  0.00486 -0.08662
   0.83779  0.00711 -0.10167
   0.83017  0.00938 -0.11894
   0.82248  0.01165 -0.13863
   0.81473  0.01394 -0.16096
   0.80691  0.01624 -0.18637
   0.79903  0.01854 -0.21532
   0.79109  0.02086 -0.24846
   0.78310  0.02318 -0.28701
   0.77506  0.02550 -0.33260
   0.76697  0.02783 -0.38811
   0.75808  0.03037 -0.47591
   0.75463  0.03109 -0.50112
   0.74500  0.03212 -0.48040
   0.73650  0.03300 -0.47644
   0.72797  0.03386 -0.47502
   0.71941  0.03472 -0.47599
   0.71082  0.03558 -0.47887
   0.70220  0.03642 -0.48317
   0.69355  0.03726 -0.48814
   0.68489  0.03809 -0.49415
   0.67621  0.03891 -0.50093
   0.66751  0.03973 -0.50819
   0.65879  0.04053 -0.51600
   0.65007  0.04132 -0.52417
   0.64133  0.04210 -0.53291
   0.63259  0.04287 -0.54172
   0.62385  0.04363 -0.55116
   0.61510  0.04437 -0.56093
   0.60635  0.04511 -0.57087
   0.59761  0.04583 -0.58118
   0.58887  0.04654 -0.59166
   0.58013  0.04723 -0.60254
   0.57141  0.04791 -0.61366
   0.56269  0.04858 -0.62477
   0.55399  0.04923 -0.63643
   0.54530  0.04987 -0.64836
   0.53662  0.05049 -0.66018
   0.52797  0.05109 -0.67271
   0.51933  0.05168 -0.68521
   0.51072  0.05225 -0.69790
   0.50213  0.05281 -0.71107
   0.49357  0.05334 -0.72420
   0.48503  0.05386 -0.73787
   0.47652  0.05436 -0.75165
   0.46804  0.05484 -0.76590
   0.45960  0.05530 -0.78013
   0.45119  0.05575 -0.79466
   0.44281  0.05617 -0.80915
   0.43447  0.05657 -0.82450
   0.42617  0.05695 -0.83935
   0.41791  0.05731 -0.85584
   0.40969  0.05765 -0.87085
   0.40152  0.05797 -0.88783
   0.39339  0.05827 -0.90398
   0.38531  0.05854 -0.92068
   0.37727  0.05880 -0.93773
   0.36928  0.05902 -0.95480
   0.36135  0.05923 -0.97337
   0.35347  0.05941 -0.99106
   0.34564  0.05957 -1.00958
   0.33786  0.05971 -1.02786
   0.33015  0.05982 -1.04702
   0.32249  0.05990 -1.06637
   0.31489  0.05997 -1.08612
   0.30735  0.06000 -1.10624
   0.29987  0.06002 -1.12747
   0.29246  0.06000 -1.14803
   0.28511  0.05997 -1.16911
   0.27783  0.05990 -1.19107
   0.27061  0.05982 -1.21432
   0.26346  0.05970 -1.23633
   0.25639  0.05956 -1.25895
   0.24938  0.05940 -1.28396
   0.24245  0.05921 -1.30670
   0.23559  0.05899 -1.33256
   0.22880  0.05875 -1.35704
   0.22209  0.05848 -1.38472
   0.21546  0.05818 -1.40921
   0.20891  0.05786 -1.43824
   0.20243  0.05751 -1.46442
   0.19604  0.05714 -1.49633
   0.18973  0.05674 -1.52438
   0.18350  0.05632 -1.55276
   0.17736  0.05587 -1.58550
   0.17130  0.05539 -1.61695
   0.16533  0.05489 -1.65125
   0.15945  0.05437 -1.68247
   0.15365  0.05382 -1.72193
   0.14795  0.05324 -1.75343
   0.14234  0.05264 -1.79192
   0.13681  0.05201 -1.83121
   0.13139  0.05137 -1.86894
   0.12605  0.05069 -1.90886
   0.12082  0.04999 -1.95537
   0.11567  0.04927 -1.99545
   0.11063  0.04853 -2.04787
   0.10568  0.04776 -2.09038
   0.10084  0.04697 -2.13724
   0.09609  0.04616 -2.19581
   0.09145  0.04532 -2.24381
   0.08691  0.04446 -2.30209
   0.08247  0.04358 -2.35454
   0.07814  0.04268 -2.41851
   0.07391  0.04176 -2.47465
   0.06980  0.04081 -2.54796
   0.06578  0.03985 -2.60959
   0.06188  0.03887 -2.67522
   0.05809  0.03786 -2.75472
   0.05441  0.03684 -2.81880
   0.05084  0.03580 -2.88758
   0.04738  0.03474 -2.96225
   0.04403  0.03366 -3.03337
   0.04080  0.03256 -3.11684
   0.03769  0.03144 -3.23696
   0.03469  0.03031 -3.47571
   0.03181  0.02916 -3.97584
   0.02905  0.02799 -4.77057
   0.02641  0.02681 -4.86994
   0.02389  0.02561 -4.90495
   0.02149  0.02439 -4.93831
   0.01921  0.02316 -4.97375
   0.01705  0.02191 -5.01467
   0.01502  0.02065 -5.06389
   0.01311  0.01937 -5.12992
   0.01133  0.01808 -5.22204
   0.00967  0.01677 -5.34403
   0.00815  0.01545 -5.50064
   0.00675  0.01411 -5.69012
   0.00548  0.01276 -5.88949
   0.00434  0.01140 -6.06245
   0.00333  0.01002 -6.22430
   0.00245  0.00863 -6.28778
   0.00170  0.00722 -6.26381
   0.00109  0.00581 -6.15973
   0.00062  0.00437 -5.97780
   0.00027  0.00293 -5.58926
   0.00007  0.00147 -5.18925
   0.00000  0.00000 -4.61706
   0.00007 -0.00147 -4.07631
   0.00027 -0.00293 -3.45820
   0.00062 -0.00437 -2.86495
   0.00109 -0.00581 -2.25551
   0.00170 -0.00722 -1.68449
   0.00245 -0.00863 -1.20437
   0.00333 -0.01002 -0.79234
   0.00434 -0.01140 -0.38428
   0.00548 -0.01276 -0.06909
   0.00675 -0.01411  0.17716
   0.00815 -0.01545  0.37698
   0.00967 -0.01677  0.55013
   0.01133 -0.01808  0.68801
   0.01311 -0.01937  0.77458
   0.01502 -0.02065  0.84893
   0.01705 -0.02191  0.91264
   0.01921 -0.02316  0.94827
   0.02149 -0.02439  0.97322
   0.02389 -0.02561  0.98933
   0.02641 -0.02681  0.99843
   0.02905 -0.02799  0.99973
   0.03181 -0.02916  0.99601
   0.03469 -0.03031  0.98840
   0.03769 -0.03144  0.97632
   0.04080 -0.03256  0.96357
   0.04403 -0.03366  0.95020
   0.04738 -0.03474  0.93079
   0.05084 -0.03580  0.91165
   0.05441 -0.03684  0.89731
   0.05809 -0.03786  0.87385
   0.06188 -0.03887  0.85390
   0.06578 -0.03985  0.83779
   0.06980 -0.04081  0.81669
   0.07391 -0.04176  0.79667
   0.07814 -0.04268  0.77903
   0.08247 -0.04358  0.75797
   0.08691 -0.04446  0.73928
   0.09145 -0.04532  0.72149
   0.09609 -0.04616  0.70343
   0.10084 -0.04697  0.68496
   0.10568 -0.04776  0.66952
   0.11063 -0.04853  0.65048
   0.11567 -0.04927  0.63523
   0.12082 -0.04999  0.61996
   0.12605 -0.05069  0.60279
   0.13139 -0.05137  0.58869
   0.13681 -0.05201  0.57247
   0.14234 -0.05264  0.56020
   0.14795 -0.05324  0.54543
   0.15365 -0.05382  0.53182
   0.15945 -0.05437  0.51990
   0.16533 -0.05489  0.50639
   0.17130 -0.05539  0.49321
   0.17736 -0.05587  0.48474
   0.18350 -0.05632  0.47161
   0.18973 -0.05674  0.45980
   0.19604 -0.05714  0.45146
   0.20243 -0.05751  0.43961
   0.20891 -0.05786  0.43063
   0.21546 -0.05818  0.42053
   0.22209 -0.05848  0.41217
   0.22880 -0.05875  0.40293
   0.23559 -0.05899  0.39482
   0.24245 -0.05921  0.38633
   0.24938 -0.05940  0.37943
   0.25639 -0.05956  0.37036
   0.26346 -0.05970  0.36363
   0.27061 -0.05982  0.35794
   0.27783 -0.05990  0.35037
   0.28511 -0.05997  0.34359
   0.29246 -0.06000  0.33843
   0.29987 -0.06002  0.33225
   0.30735 -0.06000  0.32656
   0.31489 -0.05997  0.32093
   0.32249 -0.05990  0.31673
   0.33015 -0.05982  0.31129
   0.33786 -0.05971  0.30722
   0.34564 -0.05957  0.30256
   0.35347 -0.05941  0.29897
   0.36135 -0.05923  0.29478
   0.36928 -0.05902  0.29098
   0.37727 -0.05880  0.28759
   0.38531 -0.05854  0.28435
   0.39339 -0.05827  0.28127
   0.40152 -0.05797  0.27836
   0.40969 -0.05765  0.27565
   0.41791 -0.05731  0.27333
   0.42617 -0.05695  0.27115
   0.43447 -0.05657  0.26895
   0.44281 -0.05617  0.26726
   0.45119 -0.05575  0.26555
   0.45960 -0.05530  0.26382
   0.46804 -0.05484  0.26281
   0.47652 -0.05436  0.26164
   0.48503 -0.05386  0.26081
   0.49357 -0.05334  0.26011
   0.50213 -0.05281  0.25946
   0.51072 -0.05225  0.25920
   0.51933 -0.05168  0.25923
   0.52797 -0.05109  0.25941
   0.53662 -0.05049  0.25964
   0.54530 -0.04987  0.26039
   0.55399 -0.04923  0.26125
   0.56269 -0.04858  0.26235
   0.57141 -0.04791  0.26392
   0.58013 -0.04723  0.26561
   0.58887 -0.04654  0.26780
   0.59761 -0.04583  0.27016
   0.60635 -0.04511  0.27326
   0.61510 -0.04437  0.27642
   0.62385 -0.04363  0.28012
   0.63259 -0.04287  0.28427
   0.64133 -0.04210  0.28896
   0.65007 -0.04132  0.29373
   0.65879 -0.04053  0.29898
   0.66751 -0.03973  0.30401
   0.67621 -0.03891  0.30876
   0.68489 -0.03809  0.31293
   0.69355 -0.03726  0.31642
   0.70220 -0.03642  0.31939
   0.71082 -0.03558  0.32190
   0.71941 -0.03472  0.32384
   0.72797 -0.03386  0.32528
   0.73650 -0.03300  0.32627
   0.74500 -0.03212  0.32689
   0.74869 -0.03174  0.32710
   0.75053 -0.03155  0.32705
   0.75250 -0.03168  0.32780
   0.75642 -0.03196  0.32910
   0.76482 -0.03254  0.33198
   0.77318 -0.03310  0.33479
   0.78148 -0.03365  0.33722
   0.78973 -0.03419  0.33807
   0.79792 -0.03472  0.33378
   0.80606 -0.03524  0.32382
   0.81413 -0.03574  0.31016
   0.82213 -0.03623  0.29522
   0.83006 -0.03671  0.27986
   0.83791 -0.03717  0.26523
   0.84568 -0.03762  0.25158
   0.85337 -0.03806  0.23882
   0.86096 -0.03849  0.22633
   0.86846 -0.03890  0.21507
   0.87586 -0.03930  0.20395
   0.88315 -0.03968  0.19392
   0.89033 -0.04006  0.18368
   0.89739 -0.04041  0.17458
   0.90433 -0.04076  0.16468
   0.91113 -0.04109  0.15612
   0.91779 -0.04141  0.14667
   0.92431 -0.04172  0.13887
   0.93066 -0.04201  0.12941
   0.93685 -0.04229  0.12121
   0.94287 -0.04256  0.11258
   0.94869 -0.04281  0.10458
   0.95432 -0.04305  0.09569
   0.95973 -0.04327  0.08763
   0.96491 -0.04348  0.07894
   0.96984 -0.04368  0.07030
   0.97451 -0.04386  0.06116
   0.97887 -0.04403  0.05278
   0.98292 -0.04418  0.04399
   0.98660 -0.04432  0.03438
   0.98987 -0.04443  0.02407
   0.99264 -0.04453  0.01287
   0.99480 -0.04461  0.00019
   0.99598 -0.04465 -0.02061
