NACA 0012                                       
 Alfa =   9.00000 Re =   500000.000 Xflap,Yflap =     0.850000    0.000000
#    x        y        Cp  
   0.99794 -0.02481  0.04342
   0.99681 -0.02444  0.04350
   0.99476 -0.02377  0.04370
   0.99212 -0.02292  0.04400
   0.98901 -0.02191  0.04443
   0.98550 -0.02078  0.04499
   0.98165 -0.01954  0.04556
   0.97749 -0.01821  0.04563
   0.97304 -0.01678  0.04433
   0.96834 -0.01528  0.04225
   0.96340 -0.01371  0.03951
   0.95824 -0.01207  0.03603
   0.95287 -0.01037  0.03168
   0.94731 -0.00861  0.02638
   0.94157 -0.00680  0.01996
   0.93565 -0.00495  0.01239
   0.92958 -0.00305  0.00340
   0.92336 -0.00111 -0.00708
   0.91699  0.00087 -0.01920
   0.91048  0.00288 -0.03331
   0.90385  0.00493 -0.04949
   0.89709  0.00701 -0.06827
   0.89021  0.00911 -0.08986
   0.88323  0.01125 -0.11494
   0.87614  0.01340 -0.14443
   0.86895  0.01558 -0.17962
   0.86167  0.01778 -0.22258
   0.85414  0.01996 -0.28499
   0.85076  0.02044 -0.28281
   0.84303  0.02134 -0.28367
   0.83522  0.02225 -0.28633
   0.82733  0.02315 -0.29049
   0.81936  0.02406 -0.29546
   0.81133  0.02497 -0.30104
   0.80323  0.02587 -0.30719
   0.79506  0.02678 -0.31399
   0.78685  0.02768 -0.32081
   0.77857  0.02857 -0.32832
   0.77025  0.02947 -0.33589
   0.76187  0.03036 -0.34395
   0.75346  0.03124 -0.35209
   0.74500  0.03212 -0.36040
   0.73650  0.03300 -0.36900
   0.72797  0.03386 -0.37801
   0.71941  0.03472 -0.38667
   0.71082  0.03558 -0.39604
   0.70220  0.03642 -0.40526
   0.69355  0.03726 -0.41473
   0.68489  0.03809 -0.42437
   0.67621  0.03891 -0.43426
   0.66751  0.03973 -0.44412
   0.65879  0.04053 -0.45440
   0.65007  0.04132 -0.46458
   0.64133  0.04210 -0.47514
   0.63259  0.04287 -0.48549
   0.62385  0.04363 -0.49652
   0.61510  0.04437 -0.50747
   0.60635  0.04511 -0.51830
   0.59761  0.04583 -0.52978
   0.58887  0.04654 -0.54112
   0.58013  0.04723 -0.55287
   0.57141  0.04791 -0.56468
   0.56269  0.04858 -0.57654
   0.55399  0.04923 -0.58873
   0.54530  0.04987 -0.60110
   0.53662  0.05049 -0.61340
   0.52797  0.05109 -0.62627
   0.51933  0.05168 -0.63938
   0.51072  0.05225 -0.65219
   0.50213  0.05281 -0.66562
   0.49357  0.05334 -0.67921
   0.48503  0.05386 -0.69280
   0.47652  0.05436 -0.70630
   0.46804  0.05484 -0.72129
   0.45960  0.05530 -0.73538
   0.45119  0.05575 -0.74991
   0.44281  0.05617 -0.76366
   0.43447  0.05657 -0.77994
   0.42617  0.05695 -0.79463
   0.41791  0.05731 -0.81129
   0.40969  0.05765 -0.82568
   0.40152  0.05797 -0.84290
   0.39339  0.05827 -0.85868
   0.38531  0.05854 -0.87537
   0.37727  0.05880 -0.89291
   0.36928  0.05902 -0.90872
   0.36135  0.05923 -0.92714
   0.35347  0.05941 -0.94474
   0.34564  0.05957 -0.96367
   0.33786  0.05971 -0.97933
   0.33015  0.05982 -1.00016
   0.32249  0.05990 -1.01907
   0.31489  0.05997 -1.03861
   0.30735  0.06000 -1.05607
   0.29987  0.06002 -1.07848
   0.29246  0.06000 -1.09775
   0.28511  0.05997 -1.11872
   0.27783  0.05990 -1.14218
   0.27061  0.05982 -1.16196
   0.26346  0.05970 -1.18499
   0.25639  0.05956 -1.20602
   0.24938  0.05940 -1.23201
   0.24245  0.05921 -1.25465
   0.23559  0.05899 -1.27856
   0.22880  0.05875 -1.30388
   0.22209  0.05848 -1.32416
   0.21546  0.05818 -1.35593
   0.20891  0.05786 -1.37897
   0.20243  0.05751 -1.41027
   0.19604  0.05714 -1.43201
   0.18973  0.05674 -1.46494
   0.18350  0.05632 -1.48820
   0.17736  0.05587 -1.52448
   0.17130  0.05539 -1.55111
   0.16533  0.05489 -1.58902
   0.15945  0.05437 -1.61284
   0.15365  0.05382 -1.65576
   0.14795  0.05324 -1.68132
   0.14234  0.05264 -1.72561
   0.13681  0.05201 -1.75598
   0.13139  0.05137 -1.79300
   0.12605  0.05069 -1.84035
   0.12082  0.04999 -1.86827
   0.11567  0.04927 -1.92274
   0.11063  0.04853 -1.96046
   0.10568  0.04776 -2.00644
   0.10084  0.04697 -2.05103
   0.09609  0.04616 -2.10210
   0.09145  0.04532 -2.15510
   0.08691  0.04446 -2.20332
   0.08247  0.04358 -2.26008
   0.07814  0.04268 -2.29933
   0.07391  0.04176 -2.38435
   0.06980  0.04081 -2.43530
   0.06578  0.03985 -2.49247
   0.06188  0.03887 -2.55163
   0.05809  0.03786 -2.62426
   0.05441  0.03684 -2.69977
   0.05084  0.03580 -2.73408
   0.04738  0.03474 -2.83298
   0.04403  0.03366 -2.88361
   0.04080  0.03256 -2.97662
   0.03769  0.03144 -3.17349
   0.03469  0.03031 -3.52772
   0.03181  0.02916 -4.15423
   0.02905  0.02799 -4.50858
   0.02641  0.02681 -4.54441
   0.02389  0.02561 -4.57704
   0.02149  0.02439 -4.60951
   0.01921  0.02316 -4.64626
   0.01705  0.02191 -4.68811
   0.01502  0.02065 -4.74391
   0.01311  0.01937 -4.81521
   0.01133  0.01808 -4.91394
   0.00967  0.01677 -5.04064
   0.00815  0.01545 -5.20255
   0.00675  0.01411 -5.37812
   0.00548  0.01276 -5.57824
   0.00434  0.01140 -5.71888
   0.00333  0.01002 -5.85977
   0.00245  0.00863 -5.86743
   0.00170  0.00722 -5.83829
   0.00109  0.00581 -5.76292
   0.00062  0.00437 -5.45010
   0.00027  0.00293 -5.22487
   0.00007  0.00147 -4.75791
   0.00000  0.00000 -4.26358
   0.00007 -0.00147 -3.63171
   0.00027 -0.00293 -3.15978
   0.00062 -0.00437 -2.49655
   0.00109 -0.00581 -1.93774
   0.00170 -0.00722 -1.46279
   0.00245 -0.00863 -0.98542
   0.00333 -0.01002 -0.58813
   0.00434 -0.01140 -0.20133
   0.00548 -0.01276  0.06289
   0.00675 -0.01411  0.29115
   0.00815 -0.01545  0.47676
   0.00967 -0.01677  0.63754
   0.01133 -0.01808  0.74075
   0.01311 -0.01937  0.82750
   0.01502 -0.02065  0.89289
   0.01705 -0.02191  0.93557
   0.01921 -0.02316  0.96707
   0.02149 -0.02439  0.98877
   0.02389 -0.02561  0.99568
   0.02641 -0.02681  0.99988
   0.02905 -0.02799  0.99652
   0.03181 -0.02916  0.99017
   0.03469 -0.03031  0.97742
   0.03769 -0.03144  0.96462
   0.04080 -0.03256  0.94541
   0.04403 -0.03366  0.93120
   0.04738 -0.03474  0.91153
   0.05084 -0.03580  0.89132
   0.05441 -0.03684  0.87189
   0.05809 -0.03786  0.84893
   0.06188 -0.03887  0.83284
   0.06578 -0.03985  0.81017
   0.06980 -0.04081  0.78592
   0.07391 -0.04176  0.77173
   0.07814 -0.04268  0.74735
   0.08247 -0.04358  0.72877
   0.08691 -0.04446  0.70993
   0.09145 -0.04532  0.69276
   0.09609 -0.04616  0.66970
   0.10084 -0.04697  0.65352
   0.10568 -0.04776  0.63836
   0.11063 -0.04853  0.61970
   0.11567 -0.04927  0.60184
   0.12082 -0.04999  0.58708
   0.12605 -0.05069  0.57101
   0.13139 -0.05137  0.55836
   0.13681 -0.05201  0.54154
   0.14234 -0.05264  0.52621
   0.14795 -0.05324  0.51157
   0.15365 -0.05382  0.49984
   0.15945 -0.05437  0.48565
   0.16533 -0.05489  0.47532
   0.17130 -0.05539  0.45906
   0.17736 -0.05587  0.45099
   0.18350 -0.05632  0.43998
   0.18973 -0.05674  0.42635
   0.19604 -0.05714  0.41729
   0.20243 -0.05751  0.40739
   0.20891 -0.05786  0.39520
   0.21546 -0.05818  0.38751
   0.22209 -0.05848  0.37959
   0.22880 -0.05875  0.36891
   0.23559 -0.05899  0.36078
   0.24245 -0.05921  0.35224
   0.24938 -0.05940  0.34589
   0.25639 -0.05956  0.33715
   0.26346 -0.05970  0.33113
   0.27061 -0.05982  0.32328
   0.27783 -0.05990  0.31563
   0.28511 -0.05997  0.30982
   0.29246 -0.06000  0.30341
   0.29987 -0.06002  0.29960
   0.30735 -0.06000  0.29180
   0.31489 -0.05997  0.28555
   0.32249 -0.05990  0.28182
   0.33015 -0.05982  0.27669
   0.33786 -0.05971  0.27081
   0.34564 -0.05957  0.26811
   0.35347 -0.05941  0.26254
   0.36135 -0.05923  0.25956
   0.36928 -0.05902  0.25452
   0.37727 -0.05880  0.25074
   0.38531 -0.05854  0.24735
   0.39339 -0.05827  0.24470
   0.40152 -0.05797  0.24070
   0.40969 -0.05765  0.23819
   0.41791 -0.05731  0.23459
   0.42617 -0.05695  0.23299
   0.43447 -0.05657  0.23018
   0.44281 -0.05617  0.22751
   0.45119 -0.05575  0.22525
   0.45960 -0.05530  0.22362
   0.46804 -0.05484  0.22176
   0.47652 -0.05436  0.21951
   0.48503 -0.05386  0.21852
   0.49357 -0.05334  0.21653
   0.50213 -0.05281  0.21554
   0.51072 -0.05225  0.21427
   0.51933 -0.05168  0.21330
   0.52797 -0.05109  0.21225
   0.53662 -0.05049  0.21169
   0.54530 -0.04987  0.21091
   0.55399 -0.04923  0.21085
   0.56269 -0.04858  0.21021
   0.57141 -0.04791  0.21012
   0.58013 -0.04723  0.21005
   0.58887 -0.04654  0.21034
   0.59761 -0.04583  0.21053
   0.60635 -0.04511  0.21123
   0.61510 -0.04437  0.21176
   0.62385 -0.04363  0.21249
   0.63259 -0.04287  0.21351
   0.64133 -0.04210  0.21499
   0.65007 -0.04132  0.21611
   0.65879 -0.04053  0.21802
   0.66751 -0.03973  0.21999
   0.67621 -0.03891  0.22221
   0.68489 -0.03809  0.22466
   0.69355 -0.03726  0.22751
   0.70220 -0.03642  0.23067
   0.71082 -0.03558  0.23409
   0.71941 -0.03472  0.23792
   0.72797 -0.03386  0.24208
   0.73650 -0.03300  0.24641
   0.74500 -0.03212  0.25097
   0.75346 -0.03124  0.25550
   0.76187 -0.03036  0.25993
   0.77025 -0.02947  0.26398
   0.77857 -0.02857  0.26750
   0.78685 -0.02768  0.27049
   0.79506 -0.02678  0.27309
   0.80323 -0.02587  0.27533
   0.81133 -0.02497  0.27716
   0.81936 -0.02406  0.27856
   0.82733 -0.02315  0.27960
   0.83522 -0.02225  0.28033
   0.84303 -0.02134  0.28080
   0.84809 -0.02075  0.28101
   0.85061 -0.02045  0.28094
   0.85204 -0.02053  0.28152
   0.85489 -0.02070  0.28239
   0.86248 -0.02112  0.28489
   0.86998 -0.02153  0.28734
   0.87738 -0.02193  0.28963
   0.88467 -0.02232  0.29154
   0.89185 -0.02269  0.29210
   0.89891 -0.02305  0.28884
   0.90585 -0.02340  0.28138
   0.91265 -0.02373  0.27023
   0.91931 -0.02405  0.25725
   0.92582 -0.02435  0.24359
   0.93218 -0.02465  0.22959
   0.93837 -0.02493  0.21613
   0.94439 -0.02519  0.20331
   0.95021 -0.02544  0.19057
   0.95584 -0.02568  0.17875
   0.96125 -0.02591  0.16692
   0.96643 -0.02612  0.15577
   0.97136 -0.02631  0.14488
   0.97602 -0.02649  0.13406
   0.98039 -0.02666  0.12362
   0.98444 -0.02681  0.11228
   0.98812 -0.02695  0.10256
   0.99139 -0.02707  0.09075
   0.99416 -0.02717  0.07881
   0.99632 -0.02725  0.06440
   0.99750 -0.02729  0.04342
