NACA 0012                                       
 Alfa =   9.00000 Re =   500000.000 Xflap,Yflap =     0.850000    0.000000
#    x        y        Cp  
   0.99138 -0.05012 -0.06404
   0.99034 -0.04956 -0.06414
   0.98843 -0.04855 -0.06433
   0.98598 -0.04725 -0.06458
   0.98309 -0.04572 -0.06486
   0.97983 -0.04400 -0.06516
   0.97626 -0.04211 -0.06548
   0.97239 -0.04007 -0.06580
   0.96826 -0.03789 -0.06611
   0.96389 -0.03560 -0.06641
   0.95930 -0.03319 -0.06669
   0.95450 -0.03068 -0.06691
   0.94951 -0.02807 -0.06708
   0.94434 -0.02538 -0.06714
   0.93899 -0.02260 -0.06705
   0.93349 -0.01975 -0.06672
   0.92784 -0.01682 -0.06599
   0.92205 -0.01383 -0.06463
   0.91612 -0.01077 -0.06212
   0.91006 -0.00766 -0.05804
   0.90388 -0.00449 -0.05721
   0.89759 -0.00127 -0.06266
   0.89119  0.00199 -0.07285
   0.88468  0.00530 -0.08898
   0.87807  0.00866 -0.11292
   0.87137  0.01205 -0.14779
   0.86458  0.01548 -0.19882
   0.85754  0.01894 -0.28597
   0.85414  0.01996 -0.31703
   0.85076  0.02044 -0.32264
   0.84303  0.02134 -0.33154
   0.83522  0.02225 -0.33983
   0.82733  0.02315 -0.34825
   0.81936  0.02406 -0.35661
   0.81133  0.02497 -0.36496
   0.80323  0.02587 -0.37333
   0.79506  0.02678 -0.38212
   0.78685  0.02768 -0.39067
   0.77857  0.02857 -0.39959
   0.77025  0.02947 -0.40849
   0.76187  0.03036 -0.41757
   0.75346  0.03124 -0.42673
   0.74500  0.03212 -0.43599
   0.73650  0.03300 -0.44547
   0.72797  0.03386 -0.45507
   0.71941  0.03472 -0.46464
   0.71082  0.03558 -0.47453
   0.70220  0.03642 -0.48450
   0.69355  0.03726 -0.49451
   0.68489  0.03809 -0.50474
   0.67621  0.03891 -0.51510
   0.66751  0.03973 -0.52571
   0.65879  0.04053 -0.53626
   0.65007  0.04132 -0.54709
   0.64133  0.04210 -0.55808
   0.63259  0.04287 -0.56911
   0.62385  0.04363 -0.58033
   0.61510  0.04437 -0.59188
   0.60635  0.04511 -0.60356
   0.59761  0.04583 -0.61526
   0.58887  0.04654 -0.62718
   0.58013  0.04723 -0.63970
   0.57141  0.04791 -0.65186
   0.56269  0.04858 -0.66457
   0.55399  0.04923 -0.67680
   0.54530  0.04987 -0.69013
   0.53662  0.05049 -0.70284
   0.52797  0.05109 -0.71673
   0.51933  0.05168 -0.72976
   0.51072  0.05225 -0.74413
   0.50213  0.05281 -0.75776
   0.49357  0.05334 -0.77211
   0.48503  0.05386 -0.78651
   0.47652  0.05436 -0.80076
   0.46804  0.05484 -0.81644
   0.45960  0.05530 -0.83060
   0.45119  0.05575 -0.84710
   0.44281  0.05617 -0.86263
   0.43447  0.05657 -0.87840
   0.42617  0.05695 -0.89390
   0.41791  0.05731 -0.91201
   0.40969  0.05765 -0.92779
   0.40152  0.05797 -0.94471
   0.39339  0.05827 -0.96321
   0.38531  0.05854 -0.97900
   0.37727  0.05880 -0.99846
   0.36928  0.05902 -1.01617
   0.36135  0.05923 -1.03453
   0.35347  0.05941 -1.05619
   0.34564  0.05957 -1.07390
   0.33786  0.05971 -1.09256
   0.33015  0.05982 -1.11379
   0.32249  0.05990 -1.13332
   0.31489  0.05997 -1.15514
   0.30735  0.06000 -1.17624
   0.29987  0.06002 -1.19562
   0.29246  0.06000 -1.22335
   0.28511  0.05997 -1.24245
   0.27783  0.05990 -1.26522
   0.27061  0.05982 -1.29096
   0.26346  0.05970 -1.31292
   0.25639  0.05956 -1.33898
   0.24938  0.05940 -1.36306
   0.24245  0.05921 -1.38840
   0.23559  0.05899 -1.41859
   0.22880  0.05875 -1.44174
   0.22209  0.05848 -1.46624
   0.21546  0.05818 -1.50524
   0.20891  0.05786 -1.52589
   0.20243  0.05751 -1.55697
   0.19604  0.05714 -1.58870
   0.18973  0.05674 -1.62208
   0.18350  0.05632 -1.65007
   0.17736  0.05587 -1.68863
   0.17130  0.05539 -1.71755
   0.16533  0.05489 -1.75652
   0.15945  0.05437 -1.78866
   0.15365  0.05382 -1.82607
   0.14795  0.05324 -1.87153
   0.14234  0.05264 -1.90299
   0.13681  0.05201 -1.95588
   0.13139  0.05137 -1.98706
   0.12605  0.05069 -2.04024
   0.12082  0.04999 -2.07923
   0.11567  0.04927 -2.12812
   0.11063  0.04853 -2.18364
   0.10568  0.04776 -2.23444
   0.10084  0.04697 -2.27545
   0.09609  0.04616 -2.33915
   0.09145  0.04532 -2.39559
   0.08691  0.04446 -2.46446
   0.08247  0.04358 -2.52490
   0.07814  0.04268 -2.59413
   0.07391  0.04176 -2.65171
   0.06980  0.04081 -2.73406
   0.06578  0.03985 -2.78582
   0.06188  0.03887 -2.87280
   0.05809  0.03786 -2.97430
   0.05441  0.03684 -3.03059
   0.05084  0.03580 -3.14887
   0.04738  0.03474 -3.17942
   0.04403  0.03366 -3.30833
   0.04080  0.03256 -3.39553
   0.03769  0.03144 -3.48135
   0.03469  0.03031 -3.64197
   0.03181  0.02916 -3.92322
   0.02905  0.02799 -4.48721
   0.02641  0.02681 -5.34610
   0.02389  0.02561 -5.51392
   0.02149  0.02439 -5.55136
   0.01921  0.02316 -5.58469
   0.01705  0.02191 -5.62147
   0.01502  0.02065 -5.66505
   0.01311  0.01937 -5.71819
   0.01133  0.01808 -5.79302
   0.00967  0.01677 -5.89831
   0.00815  0.01545 -6.04120
   0.00675  0.01411 -6.22905
   0.00548  0.01276 -6.45539
   0.00434  0.01140 -6.65553
   0.00333  0.01002 -6.87926
   0.00245  0.00863 -6.96704
   0.00170  0.00722 -6.99526
   0.00109  0.00581 -6.91169
   0.00062  0.00437 -6.64351
   0.00027  0.00293 -6.32452
   0.00007  0.00147 -5.98840
   0.00000  0.00000 -5.39509
   0.00007 -0.00147 -4.72090
   0.00027 -0.00293 -4.05297
   0.00062 -0.00437 -3.42886
   0.00109 -0.00581 -2.80966
   0.00170 -0.00722 -2.14548
   0.00245 -0.00863 -1.62794
   0.00333 -0.01002 -1.12583
   0.00434 -0.01140 -0.68140
   0.00548 -0.01276 -0.35329
   0.00675 -0.01411 -0.04334
   0.00815 -0.01545  0.20242
   0.00967 -0.01677  0.40187
   0.01133 -0.01808  0.54618
   0.01311 -0.01937  0.69897
   0.01502 -0.02065  0.77401
   0.01705 -0.02191  0.83985
   0.01921 -0.02316  0.90966
   0.02149 -0.02439  0.94369
   0.02389 -0.02561  0.96404
   0.02641 -0.02681  0.98777
   0.02905 -0.02799  0.99639
   0.03181 -0.02916  1.00000
   0.03469 -0.03031  0.99870
   0.03769 -0.03144  0.99195
   0.04080 -0.03256  0.98430
   0.04403 -0.03366  0.97159
   0.04738 -0.03474  0.95613
   0.05084 -0.03580  0.94563
   0.05441 -0.03684  0.93195
   0.05809 -0.03786  0.90929
   0.06188 -0.03887  0.89105
   0.06578 -0.03985  0.88086
   0.06980 -0.04081  0.85504
   0.07391 -0.04176  0.83836
   0.07814 -0.04268  0.81895
   0.08247 -0.04358  0.80515
   0.08691 -0.04446  0.79047
   0.09145 -0.04532  0.76401
   0.09609 -0.04616  0.74767
   0.10084 -0.04697  0.73437
   0.10568 -0.04776  0.71627
   0.11063 -0.04853  0.70044
   0.11567 -0.04927  0.68279
   0.12082 -0.04999  0.66361
   0.12605 -0.05069  0.65483
   0.13139 -0.05137  0.63555
   0.13681 -0.05201  0.62561
   0.14234 -0.05264  0.60831
   0.14795 -0.05324  0.59617
   0.15365 -0.05382  0.57940
   0.15945 -0.05437  0.56824
   0.16533 -0.05489  0.55532
   0.17130 -0.05539  0.54354
   0.17736 -0.05587  0.53241
   0.18350 -0.05632  0.52129
   0.18973 -0.05674  0.50997
   0.19604 -0.05714  0.50020
   0.20243 -0.05751  0.48985
   0.20891 -0.05786  0.48131
   0.21546 -0.05818  0.46916
   0.22209 -0.05848  0.45941
   0.22880 -0.05875  0.45247
   0.23559 -0.05899  0.44238
   0.24245 -0.05921  0.43398
   0.24938 -0.05940  0.42711
   0.25639 -0.05956  0.41783
   0.26346 -0.05970  0.41373
   0.27061 -0.05982  0.40434
   0.27783 -0.05990  0.39841
   0.28511 -0.05997  0.39284
   0.29246 -0.06000  0.38528
   0.29987 -0.06002  0.38049
   0.30735 -0.06000  0.37325
   0.31489 -0.05997  0.36999
   0.32249 -0.05990  0.36276
   0.33015 -0.05982  0.35848
   0.33786 -0.05971  0.35475
   0.34564 -0.05957  0.34786
   0.35347 -0.05941  0.34585
   0.36135 -0.05923  0.34171
   0.36928 -0.05902  0.33643
   0.37727 -0.05880  0.33432
   0.38531 -0.05854  0.33014
   0.39339 -0.05827  0.32805
   0.40152 -0.05797  0.32446
   0.40969 -0.05765  0.32206
   0.41791 -0.05731  0.31998
   0.42617 -0.05695  0.31671
   0.43447 -0.05657  0.31488
   0.44281 -0.05617  0.31337
   0.45119 -0.05575  0.31129
   0.45960 -0.05530  0.30980
   0.46804 -0.05484  0.30855
   0.47652 -0.05436  0.30743
   0.48503 -0.05386  0.30611
   0.49357 -0.05334  0.30570
   0.50213 -0.05281  0.30486
   0.51072 -0.05225  0.30479
   0.51933 -0.05168  0.30484
   0.52797 -0.05109  0.30480
   0.53662 -0.05049  0.30514
   0.54530 -0.04987  0.30589
   0.55399 -0.04923  0.30630
   0.56269 -0.04858  0.30772
   0.57141 -0.04791  0.30884
   0.58013 -0.04723  0.31054
   0.58887 -0.04654  0.31257
   0.59761 -0.04583  0.31488
   0.60635 -0.04511  0.31750
   0.61510 -0.04437  0.32052
   0.62385 -0.04363  0.32381
   0.63259 -0.04287  0.32771
   0.64133 -0.04210  0.33187
   0.65007 -0.04132  0.33628
   0.65879 -0.04053  0.34104
   0.66751 -0.03973  0.34579
   0.67621 -0.03891  0.35035
   0.68489 -0.03809  0.35450
   0.69355 -0.03726  0.35808
   0.70220 -0.03642  0.36110
   0.71082 -0.03558  0.36374
   0.71941 -0.03472  0.36591
   0.72797 -0.03386  0.36760
   0.73650 -0.03300  0.36885
   0.74500 -0.03212  0.36974
   0.75346 -0.03124  0.37034
   0.76187 -0.03036  0.37069
   0.77025 -0.02947  0.37084
   0.77857 -0.02857  0.37085
   0.78685 -0.02768  0.37075
   0.79506 -0.02678  0.37055
   0.80323 -0.02587  0.37030
   0.81133 -0.02497  0.37002
   0.81936 -0.02406  0.36970
   0.82733 -0.02315  0.36938
   0.83522 -0.02225  0.36907
   0.84303 -0.02134  0.36877
   0.84689 -0.02089  0.37305
   0.84882 -0.02066  0.38259
   0.85209 -0.02143  0.39869
   0.85863 -0.02297  0.42851
   0.86594 -0.02468  0.46090
   0.87316 -0.02635  0.49554
   0.88027 -0.02800  0.51658
   0.88728 -0.02961  0.51874
   0.89417 -0.03119  0.50586
   0.90094 -0.03274  0.48311
   0.90758 -0.03425  0.45459
   0.91408 -0.03572  0.42403
   0.92044 -0.03715  0.39317
   0.92665 -0.03854  0.36315
   0.93270 -0.03989  0.33510
   0.93858 -0.04120  0.30775
   0.94427 -0.04246  0.28120
   0.94977 -0.04367  0.25644
   0.95506 -0.04483  0.23084
   0.96012 -0.04594  0.20710
   0.96495 -0.04699  0.18304
   0.96951 -0.04798  0.15821
   0.97378 -0.04890  0.13576
   0.97774 -0.04975  0.10948
   0.98134 -0.05053  0.08417
   0.98454 -0.05121  0.05714
   0.98725 -0.05179  0.02885
   0.98936 -0.05224 -0.01028
   0.99052 -0.05249 -0.06404
