NACA 0012                                       
 Alfa =   9.00000 Re =   500000.000 Xflap,Yflap =     0.800000    0.000000
#    x        y        Cp  
   0.99718 -0.03349  0.00891
   0.99605 -0.03312  0.00878
   0.99400 -0.03246  0.00854
   0.99136 -0.03160  0.00825
   0.98825 -0.03060  0.00794
   0.98474 -0.02947  0.00763
   0.98089 -0.02823  0.00735
   0.97673 -0.02689  0.00712
   0.97228 -0.02546  0.00700
   0.96758 -0.02396  0.00702
   0.96264 -0.02239  0.00723
   0.95748 -0.02075  0.00773
   0.95211 -0.01905  0.00851
   0.94655 -0.01729  0.00938
   0.94081 -0.01549  0.00926
   0.93489 -0.01363  0.00693
   0.92882 -0.01173  0.00363
   0.92260 -0.00979 -0.00066
   0.91623 -0.00781 -0.00606
   0.90972 -0.00580 -0.01268
   0.90309 -0.00375 -0.02061
   0.89633 -0.00167 -0.03004
   0.88946  0.00043 -0.04102
   0.88247  0.00256 -0.05377
   0.87538  0.00472 -0.06845
   0.86819  0.00690 -0.08531
   0.86091  0.00909 -0.10457
   0.85354  0.01131 -0.12655
   0.84608  0.01354 -0.15178
   0.83854  0.01579 -0.18086
   0.83093  0.01806 -0.21465
   0.82324  0.02033 -0.25476
   0.81549  0.02262 -0.30324
   0.80695  0.02512 -0.37813
   0.80401  0.02576 -0.39895
   0.79506  0.02678 -0.38718
   0.78685  0.02768 -0.38611
   0.77857  0.02857 -0.38710
   0.77025  0.02947 -0.38969
   0.76187  0.03036 -0.39372
   0.75346  0.03124 -0.39861
   0.74500  0.03212 -0.40424
   0.73650  0.03300 -0.41051
   0.72797  0.03386 -0.41748
   0.71941  0.03472 -0.42455
   0.71082  0.03558 -0.43236
   0.70220  0.03642 -0.44037
   0.69355  0.03726 -0.44860
   0.68489  0.03809 -0.45724
   0.67621  0.03891 -0.46625
   0.66751  0.03973 -0.47535
   0.65879  0.04053 -0.48480
   0.65007  0.04132 -0.49438
   0.64133  0.04210 -0.50438
   0.63259  0.04287 -0.51432
   0.62385  0.04363 -0.52460
   0.61510  0.04437 -0.53524
   0.60635  0.04511 -0.54590
   0.59761  0.04583 -0.55693
   0.58887  0.04654 -0.56791
   0.58013  0.04723 -0.57949
   0.57141  0.04791 -0.59089
   0.56269  0.04858 -0.60258
   0.55399  0.04923 -0.61454
   0.54530  0.04987 -0.62690
   0.53662  0.05049 -0.63919
   0.52797  0.05109 -0.65146
   0.51933  0.05168 -0.66471
   0.51072  0.05225 -0.67715
   0.50213  0.05281 -0.69078
   0.49357  0.05334 -0.70410
   0.48503  0.05386 -0.71801
   0.47652  0.05436 -0.73128
   0.46804  0.05484 -0.74645
   0.45960  0.05530 -0.76036
   0.45119  0.05575 -0.77469
   0.44281  0.05617 -0.78966
   0.43447  0.05657 -0.80476
   0.42617  0.05695 -0.82062
   0.41791  0.05731 -0.83620
   0.40969  0.05765 -0.85164
   0.40152  0.05797 -0.86842
   0.39339  0.05827 -0.88414
   0.38531  0.05854 -0.90110
   0.37727  0.05880 -0.91788
   0.36928  0.05902 -0.93501
   0.36135  0.05923 -0.95323
   0.35347  0.05941 -0.97156
   0.34564  0.05957 -0.98853
   0.33786  0.05971 -1.00845
   0.33015  0.05982 -1.02623
   0.32249  0.05990 -1.04608
   0.31489  0.05997 -1.06585
   0.30735  0.06000 -1.08563
   0.29987  0.06002 -1.10621
   0.29246  0.06000 -1.12671
   0.28511  0.05997 -1.14803
   0.27783  0.05990 -1.16991
   0.27061  0.05982 -1.19292
   0.26346  0.05970 -1.21309
   0.25639  0.05956 -1.23713
   0.24938  0.05940 -1.26125
   0.24245  0.05921 -1.28453
   0.23559  0.05899 -1.31051
   0.22880  0.05875 -1.33296
   0.22209  0.05848 -1.35948
   0.21546  0.05818 -1.38739
   0.20891  0.05786 -1.41477
   0.20243  0.05751 -1.43757
   0.19604  0.05714 -1.46867
   0.18973  0.05674 -1.50060
   0.18350  0.05632 -1.52801
   0.17736  0.05587 -1.55915
   0.17130  0.05539 -1.59155
   0.16533  0.05489 -1.62355
   0.15945  0.05437 -1.65190
   0.15365  0.05382 -1.69184
   0.14795  0.05324 -1.72704
   0.14234  0.05264 -1.76144
   0.13681  0.05201 -1.79713
   0.13139  0.05137 -1.83818
   0.12605  0.05069 -1.88375
   0.12082  0.04999 -1.91441
   0.11567  0.04927 -1.96796
   0.11063  0.04853 -2.00851
   0.10568  0.04776 -2.05968
   0.10084  0.04697 -2.09938
   0.09609  0.04616 -2.15454
   0.09145  0.04532 -2.19961
   0.08691  0.04446 -2.26493
   0.08247  0.04358 -2.31694
   0.07814  0.04268 -2.37406
   0.07391  0.04176 -2.43381
   0.06980  0.04081 -2.49912
   0.06578  0.03985 -2.55560
   0.06188  0.03887 -2.63473
   0.05809  0.03786 -2.68675
   0.05441  0.03684 -2.76600
   0.05084  0.03580 -2.83095
   0.04738  0.03474 -2.88794
   0.04403  0.03366 -2.97726
   0.04080  0.03256 -3.05135
   0.03769  0.03144 -3.20703
   0.03469  0.03031 -3.49443
   0.03181  0.02916 -4.08064
   0.02905  0.02799 -4.68916
   0.02641  0.02681 -4.72787
   0.02389  0.02561 -4.76138
   0.02149  0.02439 -4.79425
   0.01921  0.02316 -4.82935
   0.01705  0.02191 -4.87093
   0.01502  0.02065 -4.92265
   0.01311  0.01937 -4.99222
   0.01133  0.01808 -5.08703
   0.00967  0.01677 -5.21322
   0.00815  0.01545 -5.37152
   0.00675  0.01411 -5.56010
   0.00548  0.01276 -5.74795
   0.00434  0.01140 -5.92511
   0.00333  0.01002 -6.04869
   0.00245  0.00863 -6.13797
   0.00170  0.00722 -6.10836
   0.00109  0.00581 -5.99840
   0.00062  0.00437 -5.73452
   0.00027  0.00293 -5.44195
   0.00007  0.00147 -4.94463
   0.00000  0.00000 -4.50493
   0.00007 -0.00147 -3.88573
   0.00027 -0.00293 -3.35293
   0.00062 -0.00437 -2.71969
   0.00109 -0.00581 -2.10525
   0.00170 -0.00722 -1.60198
   0.00245 -0.00863 -1.09929
   0.00333 -0.01002 -0.69051
   0.00434 -0.01140 -0.31615
   0.00548 -0.01276 -0.01001
   0.00675 -0.01411  0.23726
   0.00815 -0.01545  0.43331
   0.00967 -0.01677  0.57465
   0.01133 -0.01808  0.70545
   0.01311 -0.01937  0.79717
   0.01502 -0.02065  0.87549
   0.01705 -0.02191  0.91937
   0.01921 -0.02316  0.95634
   0.02149 -0.02439  0.98008
   0.02389 -0.02561  0.99455
   0.02641 -0.02681  0.99949
   0.02905 -0.02799  0.99926
   0.03181 -0.02916  0.99315
   0.03469 -0.03031  0.98341
   0.03769 -0.03144  0.97150
   0.04080 -0.03256  0.95782
   0.04403 -0.03366  0.94268
   0.04738 -0.03474  0.92147
   0.05084 -0.03580  0.90559
   0.05441 -0.03684  0.88335
   0.05809 -0.03786  0.86447
   0.06188 -0.03887  0.84513
   0.06578 -0.03985  0.82444
   0.06980 -0.04081  0.80507
   0.07391 -0.04176  0.78496
   0.07814 -0.04268  0.76634
   0.08247 -0.04358  0.74640
   0.08691 -0.04446  0.72805
   0.09145 -0.04532  0.70737
   0.09609 -0.04616  0.68742
   0.10084 -0.04697  0.67362
   0.10568 -0.04776  0.65583
   0.11063 -0.04853  0.63900
   0.11567 -0.04927  0.62021
   0.12082 -0.04999  0.60424
   0.12605 -0.05069  0.59043
   0.13139 -0.05137  0.57489
   0.13681 -0.05201  0.55848
   0.14234 -0.05264  0.54396
   0.14795 -0.05324  0.53265
   0.15365 -0.05382  0.51811
   0.15945 -0.05437  0.50395
   0.16533 -0.05489  0.49271
   0.17130 -0.05539  0.48009
   0.17736 -0.05587  0.46909
   0.18350 -0.05632  0.45723
   0.18973 -0.05674  0.44564
   0.19604 -0.05714  0.43723
   0.20243 -0.05751  0.42297
   0.20891 -0.05786  0.41820
   0.21546 -0.05818  0.40462
   0.22209 -0.05848  0.39704
   0.22880 -0.05875  0.38843
   0.23559 -0.05899  0.37933
   0.24245 -0.05921  0.37226
   0.24938 -0.05940  0.36332
   0.25639 -0.05956  0.35557
   0.26346 -0.05970  0.34766
   0.27061 -0.05982  0.34270
   0.27783 -0.05990  0.33505
   0.28511 -0.05997  0.32845
   0.29246 -0.06000  0.32382
   0.29987 -0.06002  0.31624
   0.30735 -0.06000  0.31134
   0.31489 -0.05997  0.30530
   0.32249 -0.05990  0.30058
   0.33015 -0.05982  0.29492
   0.33786 -0.05971  0.29155
   0.34564 -0.05957  0.28618
   0.35347 -0.05941  0.28252
   0.36135 -0.05923  0.27840
   0.36928 -0.05902  0.27451
   0.37727 -0.05880  0.27041
   0.38531 -0.05854  0.26730
   0.39339 -0.05827  0.26391
   0.40152 -0.05797  0.26089
   0.40969 -0.05765  0.25832
   0.41791 -0.05731  0.25549
   0.42617 -0.05695  0.25293
   0.43447 -0.05657  0.25077
   0.44281 -0.05617  0.24868
   0.45119 -0.05575  0.24646
   0.45960 -0.05530  0.24480
   0.46804 -0.05484  0.24308
   0.47652 -0.05436  0.24146
   0.48503 -0.05386  0.24027
   0.49357 -0.05334  0.23891
   0.50213 -0.05281  0.23807
   0.51072 -0.05225  0.23714
   0.51933 -0.05168  0.23681
   0.52797 -0.05109  0.23615
   0.53662 -0.05049  0.23601
   0.54530 -0.04987  0.23567
   0.55399 -0.04923  0.23589
   0.56269 -0.04858  0.23599
   0.57141 -0.04791  0.23656
   0.58013 -0.04723  0.23720
   0.58887 -0.04654  0.23801
   0.59761 -0.04583  0.23926
   0.60635 -0.04511  0.24064
   0.61510 -0.04437  0.24223
   0.62385 -0.04363  0.24403
   0.63259 -0.04287  0.24634
   0.64133 -0.04210  0.24897
   0.65007 -0.04132  0.25167
   0.65879 -0.04053  0.25516
   0.66751 -0.03973  0.25877
   0.67621 -0.03891  0.26279
   0.68489 -0.03809  0.26716
   0.69355 -0.03726  0.27184
   0.70220 -0.03642  0.27673
   0.71082 -0.03558  0.28149
   0.71941 -0.03472  0.28605
   0.72797 -0.03386  0.29011
   0.73650 -0.03300  0.29354
   0.74500 -0.03212  0.29646
   0.75346 -0.03124  0.29900
   0.76187 -0.03036  0.30106
   0.77025 -0.02947  0.30263
   0.77857 -0.02857  0.30379
   0.78685 -0.02768  0.30459
   0.79506 -0.02678  0.30506
   0.79876 -0.02637  0.30523
   0.80061 -0.02616  0.30516
   0.80268 -0.02629  0.30594
   0.80682 -0.02656  0.30726
   0.81489 -0.02706  0.30996
   0.82289 -0.02755  0.31259
   0.83082 -0.02802  0.31493
   0.83867 -0.02849  0.31654
   0.84644 -0.02894  0.31466
   0.85413 -0.02938  0.30770
   0.86172 -0.02980  0.29630
   0.86922 -0.03022  0.28275
   0.87662 -0.03061  0.26788
   0.88391 -0.03100  0.25380
   0.89109 -0.03137  0.23989
   0.89815 -0.03173  0.22650
   0.90509 -0.03208  0.21400
   0.91189 -0.03241  0.20222
   0.91855 -0.03273  0.19073
   0.92506 -0.03304  0.18038
   0.93142 -0.03333  0.16981
   0.93761 -0.03361  0.15947
   0.94363 -0.03387  0.14970
   0.94945 -0.03413  0.14037
   0.95508 -0.03436  0.13078
   0.96049 -0.03459  0.12107
   0.96567 -0.03480  0.11231
   0.97060 -0.03499  0.10280
   0.97526 -0.03518  0.09340
   0.97963 -0.03534  0.08405
   0.98368 -0.03550  0.07508
   0.98736 -0.03563  0.06520
   0.99063 -0.03575  0.05531
   0.99340 -0.03585  0.04325
   0.99556 -0.03593  0.02957
   0.99674 -0.03597  0.00891
